-5.163355121218533572e-01
-5.163520025214233256e-01
-5.164014537092808110e-01
-5.164838056615953521e-01
-5.165989583677318420e-01
-5.167467718738627536e-01
-5.169270663440139746e-01
-5.171396221385188285e-01
-5.173841799098648497e-01
-5.176604407159054455e-01
-5.179680661504050265e-01
-5.183066784908819669e-01
-5.186758571981068267e-01
-5.190750810965495399e-01
-5.195037068664398738e-01
-5.199610880061078522e-01
-5.204468918596651950e-01
-5.209608380877913669e-01
-5.215020011585266291e-01
-5.220691167225046669e-01
-5.226611019621877352e-01
-5.232773101419042616e-01
-5.239178639349452160e-01
-5.245814420843283310e-01
-5.252663219779186710e-01
-5.259723616686775571e-01
-5.266974676048215009e-01
-5.274405353045086287e-01
-5.282014577264330102e-01
-5.289781162450779561e-01
-5.297691530846433405e-01
-5.305734047067076631e-01
-5.313891063113168611e-01
-5.322143586445851060e-01
-5.330477086969500622e-01
-5.338884238869061605e-01
-5.347339006760304381e-01
-5.355812089715543678e-01
-5.364309426974270822e-01
-5.372793683105323570e-01
-5.381247782409083191e-01
-5.389651639945975958e-01
-5.397970442743591502e-01
-5.406214247980347665e-01
-5.414314851303156928e-01
-5.422283195028914093e-01
-5.430067020204877304e-01
-5.437658429847121999e-01
-5.445025628597721656e-01
-5.452130231718331776e-01
-5.458950665279163061e-01
-5.465457442255221565e-01
-5.471606853408598203e-01
-5.477380998072963747e-01
-5.482737672076223312e-01
-5.487644119169227119e-01
-5.492061104214495115e-01
-5.495954653708347015e-01
-5.499281237771488362e-01
-5.502009243375427516e-01
-5.504091618809980879e-01
-5.505489117942797828e-01
-5.506154293718699133e-01
-5.506042171950873421e-01
-5.505115735817520672e-01
-5.503319679051813518e-01
-5.500610812745291289e-01
-5.496937420386600603e-01
-5.492246416376669327e-01
-5.486486067811943146e-01
-5.479600806079611974e-01
-5.471548736453484274e-01
-5.462255960007653677e-01
-5.451671986058724828e-01
-5.439746786696578740e-01
-5.426413914016066098e-01
-5.411609088221254193e-01
-5.395268340685949182e-01
-5.377338196707073248e-01
-5.357743953002225279e-01
-5.336432671571365027e-01
-5.313313778198364146e-01
-5.288339330438653896e-01
-5.261437701852592630e-01
-5.232535757593113068e-01
-5.201558510456488760e-01
-5.168437393623169784e-01
-5.133107070968084829e-01
-5.095484916396976205e-01
-5.055500938018817614e-01
-5.013079511397924293e-01
-4.968130138444418753e-01
-4.920607224139268432e-01
-4.870413886448763385e-01
-4.817481658264078925e-01
-4.761737652463635673e-01
-4.703105082980145735e-01
-4.641501575648285804e-01
-4.576857089683820101e-01
-4.509100588347036975e-01
-4.438158330647805627e-01
-4.363953120240339212e-01
-4.286426099461090322e-01
-4.205494830887224200e-01
-4.121099333518047914e-01
-4.033176850801741820e-01
-3.941642521255385168e-01
-3.846461908622609283e-01
-3.747571676771194182e-01
-3.644903546596102162e-01
-3.538417548153213188e-01
-3.428062591585026020e-01
-3.313791021746544940e-01
-3.195571466615451106e-01
-3.073350071953883100e-01
-2.947111397881336803e-01
-2.816829312198088076e-01
-2.682477932259929032e-01
-2.544037209759134610e-01
-2.401516706538427137e-01
-2.254893273149341792e-01
-2.104183829096325786e-01
-1.949404659911992688e-01
-1.790572474585040152e-01
-1.627705983766932485e-01
-1.460854966540867661e-01
-1.290057341444900696e-01
-1.115373924492139290e-01
-9.368627623457270737e-02
-7.546041616229251514e-02
-5.686661586403049529e-02
-3.791566261550333161e-02
-1.861743825740737324e-02
1.015154591764877434e-03
2.097202168287555513e-02
4.123693025964193792e-02
6.179648970542354902e-02
8.263335840220686901e-02
1.037309577831507790e-01
1.250700235387007253e-01
1.466316987175681763e-01
1.683947188981875231e-01
1.903362973312182904e-01
2.124325036939901934e-01
2.346590101623666491e-01
2.569906968029681549e-01
2.793987379105982161e-01
3.018554196729512640e-01
3.243312522357902350e-01
3.467953682500245494e-01
3.692148435748321411e-01
3.915585944468740198e-01
4.137917275580600407e-01
4.358779054272348130e-01
4.577816103850099738e-01
4.794674759256485341e-01
5.008952537784010506e-01
5.220277932513811558e-01
5.428251537577879482e-01
5.632466676432424935e-01
5.832541119487046899e-01
6.028037656841350733e-01
6.218547823516342721e-01
6.403678070130802702e-01
6.582977407492147659e-01
6.756050314978092608e-01
6.922467654468932308e-01
7.081811024280908473e-01
7.233666447166465785e-01
7.377643109110370023e-01
7.513313598566132567e-01
7.640298022580145343e-01
7.758185802990502644e-01
7.866626615344720630e-01
7.965228764758157665e-01
8.053666404809123325e-01
8.131564078302283560e-01
8.198622791186334080e-01
8.254536144115872665e-01
8.299005551600947550e-01
8.331769047674147943e-01
8.352585981562120621e-01
8.361221832038372437e-01
8.357500735818852444e-01
8.341241228538261998e-01
8.312299763832150523e-01
8.270575686996364251e-01
8.215976605346616557e-01
8.148457129190693760e-01
8.068017334927169992e-01
7.974657038469394887e-01
7.868442525329895076e-01
7.749457416256203546e-01
7.617839052683471612e-01
7.473760327475986731e-01
7.317420905468815517e-01
7.149068554827098243e-01
6.968988905023416613e-01
6.777517433049174977e-01
6.575021388716624227e-01
6.361898233534136748e-01
6.138612733458678195e-01
5.905652023073051371e-01
5.663540009275029874e-01
5.412851596116340369e-01
5.154188699333880352e-01
4.888192336556089757e-01
4.615546946958226648e-01
4.336968795292404089e-01
4.053202103836410775e-01
3.765025028000514862e-01
3.473247610237829575e-01
3.178701121323439516e-01
2.882258486008930642e-01
2.584770681551636917e-01
2.287160794287454724e-01
1.990361902511302017e-01
1.695268472176489349e-01
1.402843483361032040e-01
1.114039877685535779e-01
8.298025297617644958e-02
5.510829639834280425e-02
2.788428084474649238e-02
1.401541546646664638e-03
-2.424646040547620562e-02
-4.896577135800767033e-02
-7.266807062814115148e-02
-9.526537406914248329e-02
-1.166718101046013145e-01
-1.368047054029874754e-01
-1.555847734198929355e-01
-1.729359977447620655e-01
-1.887875100194711664e-01
-2.030707657107006237e-01
-2.157234076732865991e-01
-2.266877415506469984e-01
-2.359096550641967827e-01
-2.433442377874918405e-01
-2.489488074011511898e-01
-2.526866464356810615e-01
-2.545303724156422476e-01
-2.544548799410538686e-01
-2.524446742259461862e-01
-2.484906952120346790e-01
-2.425881825292418303e-01
-2.347408082486460990e-01
-2.249593132031667830e-01
-2.132598122295160936e-01
-1.996677516178679557e-01
-1.842129607427207827e-01
-1.669330241776242063e-01
-1.478715527790584461e-01
-1.270791625594708818e-01
-1.046137851175717448e-01
-8.053722961856543683e-02
-5.491907316074073897e-02
-2.783472602972845988e-02
6.372167860568406228e-04
3.040918205808119945e-02
6.139206043961693837e-02
9.348864291899999790e-02
1.266004594168862740e-01
1.606242684961552147e-01
1.954518741644284685e-01
2.309711917832761308e-01
2.670703142656920548e-01
3.036310244614280895e-01
3.405350654222266682e-01
3.776607045524154049e-01
4.148863483748520542e-01
4.520878640654094616e-01
4.891404799531995362e-01
5.259208406860879093e-01
5.623028779257588372e-01
5.981626772401001935e-01
6.333765968783108269e-01
6.678229745965964526e-01
7.013805782685329504e-01
7.339315531014679594e-01
7.653585087305133650e-01
7.955491721137087913e-01
8.243930245830204395e-01
8.517843731676661978e-01
8.776185308416237785e-01
9.017990511379598839e-01
9.242312843651075971e-01
9.448276354606619520e-01
9.635049401522496337e-01
9.801837036261438207e-01
9.947964182906943176e-01
1.007276192126771219e+00
1.017564375794185905e+00
1.025609863273831746e+00
1.031368996187540965e+00
1.034806596159751235e+00
1.035891576793550373e+00
1.034604064790743516e+00
1.030932055640828571e+00
1.024870119890077147e+00
1.016421783313550264e+00
1.005599972339591197e+00
9.924252196940992476e-01
9.769259871477695700e-01
9.591406819398718975e-01
9.391146917690499363e-01
9.169028054870506095e-01
8.925675435711103445e-01
8.661792512339716588e-01
8.378159845221826441e-01
8.075634838950029870e-01
7.755161063274484956e-01
7.417727275661579744e-01
7.064408126526231513e-01
6.696319154969582188e-01
6.314650549082871933e-01
5.920641144807924361e-01
5.515573493713407105e-01
5.100778631659762530e-01
4.677609300548920546e-01
4.247464719370251940e-01
3.811759463736521525e-01
3.371925055823949968e-01
2.929416819659970139e-01
2.485690191335992727e-01
2.042180341976799485e-01
1.600348376468090916e-01
1.161619738199524965e-01
7.274134084896595465e-02
2.990950088902025877e-02
-1.219608670790985061e-02
-5.344424494885649524e-02
-9.370818192884800002e-02
-1.328662571775717227e-01
-1.707999731401337595e-01
-2.073985752025513107e-01
-2.425595230546447600e-01
-2.761825763645134879e-01
-3.081766564819213849e-01
-3.384591551761561012e-01
-3.669541529858766360e-01
-3.935933343629770542e-01
-4.183167851006044380e-01
-4.410723973235703976e-01
-4.618176253147933119e-01
-4.805168862016189202e-01
-4.971429706974680451e-01
-5.116784482490192021e-01
-5.241133045996575479e-01
-5.344457112156391076e-01
-5.426805702640458140e-01
-5.488319272959754080e-01
-5.529213700647037655e-01
-5.549782399011040646e-01
-5.550358156262482634e-01
-5.531393743166416188e-01
-5.493340913301907324e-01
-5.436752974580123521e-01
-5.362229925052522939e-01
-5.270417285758172143e-01
-5.162011919948512606e-01
-5.037738891288727761e-01
-4.898378321701413185e-01
-4.744725982612769677e-01
-4.577631389559073671e-01
-4.397931281227951406e-01
-4.206512729236362436e-01
-4.004263336287243735e-01
-3.792075362284232920e-01
-3.570854031629209224e-01
-3.341522139715652484e-01
-3.104956405344503345e-01
-2.862074124535710640e-01
-2.613751069726164555e-01
-2.360865438622181400e-01
-2.104265561008079322e-01
-1.844795802793439965e-01
-1.583253779695233399e-01
-1.320430399416088474e-01
-1.057091623816241999e-01
-7.939577310731893434e-02
-5.317147977654704261e-02
-2.710252621113407034e-02
-1.253081243274806189e-03
2.432023217090463485e-02
4.956084123751648002e-02
7.441908349939724276e-02
9.884613017426045756e-02
1.227994172096067982e-01
1.462383282552855712e-01
1.691283360126057400e-01
1.914382850190439744e-01
2.131381902919935456e-01
2.342043447204857076e-01
2.546176515706514154e-01
2.743588168036936725e-01
2.934135585412575020e-01
3.117731429862761194e-01
3.294288313544471158e-01
3.463760244162665813e-01
3.626133909424028579e-01
3.781408244680379838e-01
3.929613209328350898e-01
4.070808254531538273e-01
4.205065241493678441e-01
4.332468601488196347e-01
4.453131426841209217e-01
4.567173957813678298e-01
4.674718673116270429e-01
4.775929308624285996e-01
4.870940329396383772e-01
4.959923401687430511e-01
5.043038420110332876e-01
5.120447347346306355e-01
5.192337672922689995e-01
5.258859979778005567e-01
5.320181944589406076e-01
5.376472616033292073e-01
5.427896781301484452e-01
5.474606666106307529e-01
5.516750246745280029e-01
5.554464459956348632e-01
5.587891247388531157e-01
5.617136899768764291e-01
5.642338410981307950e-01
5.663574158583821738e-01
5.680958461272029858e-01
5.694564989297971058e-01
5.704467606496341769e-01
5.710727683939444965e-01
5.713388371554749545e-01
5.712490666302418862e-01
5.708059047316565993e-01
5.700110659921565626e-01
5.688667196085315236e-01
5.673703573716919468e-01
5.655227913123347383e-01
5.633215228117636197e-01
5.607643456080311228e-01
5.578462540544811832e-01
5.545659499384896218e-01
5.509173308087220722e-01
5.468967246054576847e-01
5.424990121781008146e-01
5.377191466041316703e-01
5.325504900214483861e-01
5.269909503484073721e-01
5.210321569041780343e-01
5.146698356829836341e-01
5.079005847092958881e-01
5.007197641126192034e-01
4.931217420434718113e-01
4.851059026155792875e-01
4.766670270980696289e-01
4.678048548035069754e-01
4.585179673258947819e-01
4.488049288071435106e-01
4.386667688310134094e-01
4.281061629373529298e-01
4.171231996697963851e-01
4.057226930144911536e-01
3.939092748726278348e-01
3.816873483499074737e-01
3.690647150770118845e-01
3.560479474016871038e-01
3.426470178942242484e-01
3.288715626166957007e-01
3.147314604990284481e-01
3.002396824829963728e-01
2.854091393634574092e-01
2.702530517716258407e-01
2.547883523108175341e-01
2.390292274257742877e-01
2.229939010383283071e-01
2.066995044895388323e-01
1.901637733569564448e-01
1.734068386254314920e-01
1.564491300938708196e-01
1.393101533213620402e-01
1.220110979847993105e-01
1.045741064872515169e-01
8.702046714748712386e-02
6.937348710775000094e-02
5.165422387331421866e-02
3.388739090141988652e-02
1.609436878161266127e-02
-1.700812671174820045e-03
-1.947684247178647909e-02
-3.720912296412526299e-02
-5.487532968371111597e-02
-7.245410913441796552e-02
-8.992078726720487136e-02
-1.072549332803497679e-01
-1.244350566637150435e-01
-1.414394868235249736e-01
-1.582480498904724475e-01
-1.748411877708874462e-01
-1.911973733949701437e-01
-2.072995844854391423e-01
-2.231286215827376351e-01
-2.386678014741071829e-01
-2.539001083638000589e-01
-2.688086216907870085e-01
-2.833798435649477199e-01
-2.975983520151865847e-01
-3.114500952357630581e-01
-3.249239879106609052e-01
-3.380060693765856161e-01
-3.506874927862151381e-01
-3.629569929131498673e-01
-3.748051601903926722e-01
-3.862246421202395474e-01
-3.972081230048845057e-01
-4.077473189687494948e-01
-4.178388045447443133e-01
-4.274770120265003470e-01
-4.366563499852637031e-01
-4.453763615303063528e-01
-4.536330845453693250e-01
-4.614249886891766961e-01
-4.687523185030696427e-01
-4.756142570749649634e-01
-4.820123824697311044e-01
-4.879478983842214790e-01
-4.934226650509514478e-01
-4.984395658587389422e-01
-5.030020247620016205e-01
-5.071146843895316669e-01
-5.107817245085617408e-01
-5.140090499200842267e-01
-5.168014790412970294e-01
-5.191663219723747780e-01
-5.211089604200292991e-01
-5.226381605690320065e-01
-5.237606419138736147e-01
-5.244842918833817480e-01
-5.248177279300210163e-01
-5.247686894399963276e-01
-5.243480415967491925e-01
-5.235636081047894130e-01
-5.224246514717181267e-01
-5.209415499101149871e-01
-5.191243656326873790e-01
-5.169816927868009504e-01
-5.145263303190755755e-01
-5.117662454941356298e-01
-5.087126537544838234e-01
-5.053760699414132640e-01
-5.017664160430133080e-01
-4.978959544321718278e-01
-4.937740567810975367e-01
-4.894116421413760021e-01
-4.848190085300987384e-01
-4.800065609672450329e-01
-4.749851915488534360e-01
-4.697650033308926609e-01
-4.643577674486789597e-01
-4.587713646075686214e-01
-4.530177714465571936e-01
-4.471065252567693049e-01
-4.410475290783051339e-01
-4.348507163483463778e-01
-4.285254070209929544e-01
-4.220815056727034165e-01
-4.155287770732686292e-01
-4.088752269279339879e-01
-4.021308172074197218e-01
-3.953035663718730275e-01
-3.884026754912870416e-01
-3.814379136878847110e-01
-3.744146024032510844e-01
-3.673437160999630802e-01
-3.602310484167319249e-01
-3.530859470026974645e-01
-3.459152187335549078e-01
-3.387261337815590245e-01
-3.315259770655003546e-01
-3.243225692813710426e-01
-3.171201655071407277e-01
-3.099278129486682243e-01
-3.027504795460954634e-01
-2.955956289685661709e-01
-2.884668874570160968e-01
-2.813729592899809617e-01
-2.743171362584621020e-01
-2.673061028073202561e-01
-2.603449909649915295e-01
-2.534377013265657341e-01
-2.465902817130688207e-01
-2.398064513583586799e-01
-2.330928859312490220e-01
-2.264513642364928969e-01
-2.198876794925423706e-01
-2.134047203307891383e-01
-2.070073902424703072e-01
-2.006992022889352578e-01
-1.944839473066941327e-01
-1.883630974222748888e-01
-1.823422786464197476e-01
-1.764248957073118740e-01
-1.706121443674778748e-01
-1.649075667221277242e-01
-1.593147494895996441e-01
-1.538355284633456388e-01
-1.484721646728396072e-01
-1.432272652008178548e-01
-1.381031247952556329e-01
-1.331032270816162322e-01
-1.282282313018717479e-01
-1.234812177544915845e-01
-1.188625862150544943e-01
-1.143751983386133431e-01
-1.100202462067446096e-01
-1.057997004307558997e-01
-1.017146321707721179e-01
-9.776701251994143749e-02
-9.395865008053808087e-02
-9.029027095287531224e-02
-8.676245654087597070e-02
-8.337705547677856655e-02
-8.013559671810818741e-02
-7.703869930180834436e-02
-7.408629052732867981e-02
-7.128020098402465532e-02
-6.862232190314321301e-02
-6.611241143940355114e-02
-6.375043611970931945e-02
-6.153747735741618707e-02
-5.947457419887275387e-02
-5.756248432279320593e-02
-5.580180777883397836e-02
-5.419293348929032916e-02
-5.273609376772367408e-02
-5.143154983568196115e-02
-5.027958604366788986e-02
-4.928049301856277098e-02
-4.843455278033789724e-02
-4.774202583305803271e-02
-4.720314023450922214e-02
-4.681808264815826015e-02
-4.658699138043018162e-02
-4.650995140566607788e-02
-4.658699138043018162e-02
-4.681808264815826015e-02
-4.720314023450922214e-02
-4.774202583305803271e-02
-4.843455278033789724e-02
-4.928049301856277098e-02
-5.027958604366788986e-02
-5.143154983568196115e-02
-5.273609376772367408e-02
-5.419293348929032916e-02
-5.580180777883397836e-02
-5.756248432279320593e-02
-5.947457419887275387e-02
-6.153747735741618707e-02
-6.375043611970931945e-02
-6.611241143940355114e-02
-6.862232190314321301e-02
-7.128020098402465532e-02
-7.408629052732867981e-02
-7.703869930180834436e-02
-8.013559671810818741e-02
-8.337705547677856655e-02
-8.676245654087597070e-02
-9.029027095287531224e-02
-9.395865008053808087e-02
-9.776701251994143749e-02
-1.017146321707721179e-01
-1.057997004307558997e-01
-1.100202462067446096e-01
-1.143751983386133431e-01
-1.188625862150572421e-01
-1.234812177544915845e-01
-1.282282313018717479e-01
-1.331032270816162322e-01
-1.381031247952556329e-01
-1.432272652008204639e-01
-1.484721646728422717e-01
-1.538355284633456388e-01
-1.593147494895996441e-01
-1.649075667221251151e-01
-1.706121443674778748e-01
-1.764248957073118740e-01
-1.823422786464197476e-01
-1.883630974222748888e-01
-1.944839473066941327e-01
-2.006992022889377558e-01
-2.070073902424703072e-01
-2.134047203307891383e-01
-2.198876794925423706e-01
-2.264513642364928969e-01
-2.330928859312490220e-01
-2.398064513583586799e-01
-2.465902817130688207e-01
-2.534377013265657341e-01
-2.603449909649915295e-01
-2.673061028073202561e-01
-2.743171362584621020e-01
-2.813729592899809617e-01
-2.884668874570160968e-01
-2.955956289685661709e-01
-3.027504795460976839e-01
-3.099278129486682243e-01
-3.171201655071407277e-01
-3.243225692813731520e-01
-3.315259770655003546e-01
-3.387261337815590245e-01
-3.459152187335549078e-01
-3.530859470026974645e-01
-3.602310484167319249e-01
-3.673437160999630802e-01
-3.744146024032529718e-01
-3.814379136878865983e-01
-3.884026754912870416e-01
-3.953035663718748038e-01
-4.021308172074197218e-01
-4.088752269279355422e-01
-4.155287770732686292e-01
-4.220815056727034165e-01
-4.285254070209929544e-01
-4.348507163483463778e-01
-4.410475290783051339e-01
-4.471065252567693049e-01
-4.530177714465571936e-01
-4.587713646075686214e-01
-4.643577674486789597e-01
-4.697650033308939932e-01
-4.749851915488534360e-01
-4.800065609672450329e-01
-4.848190085300987384e-01
-4.894116421413760021e-01
-4.937740567810975367e-01
-4.978959544321718278e-01
-5.017664160430133080e-01
-5.053760699414140412e-01
-5.087126537544831573e-01
-5.117662454941358519e-01
-5.145263303190755755e-01
-5.169816927868009504e-01
-5.191243656326873790e-01
-5.209415499101149871e-01
-5.224246514717183487e-01
-5.235636081047894130e-01
-5.243480415967490815e-01
-5.247686894399963276e-01
-5.248177279300210163e-01
-5.244842918833817480e-01
-5.237606419138736147e-01
-5.226381605690320065e-01
-5.211089604200292991e-01
-5.191663219723747780e-01
-5.168014790412970294e-01
-5.140090499200842267e-01
-5.107817245085621849e-01
-5.071146843895316669e-01
-5.030020247620025087e-01
-4.984395658587381650e-01
-4.934226650509514478e-01
-4.879478983842214790e-01
-4.820123824697311044e-01
-4.756142570749649634e-01
-4.687523185030684214e-01
-4.614249886891766961e-01
-4.536330845453693250e-01
-4.453763615303063528e-01
-4.366563499852651464e-01
-4.274770120264989037e-01
-4.178388045447443133e-01
-4.077473189687494948e-01
-3.972081230048845057e-01
-3.862246421202395474e-01
-3.748051601903926722e-01
-3.629569929131498673e-01
-3.506874927862151381e-01
-3.380060693765836177e-01
-3.249239879106627926e-01
-3.114500952357630581e-01
-2.975983520151865847e-01
-2.833798435649456104e-01
-2.688086216907870085e-01
-2.539001083638000589e-01
-2.386678014741050180e-01
-2.231286215827398001e-01
-2.072995844854368663e-01
-1.911973733949679233e-01
-1.748411877708874462e-01
-1.582480498904677846e-01
-1.414394868235225866e-01
-1.244350566637127120e-01
-1.072549332803497679e-01
-8.992078726720487136e-02
-7.245410913441563405e-02
-5.487532968371111597e-02
-3.720912296412290377e-02
-1.947684247178647909e-02
-1.700812671174820045e-03
1.609436878161266127e-02
3.388739090141988652e-02
5.165422387331536358e-02
6.937348710775227689e-02
8.702046714748712386e-02
1.045741064872537374e-01
1.220110979847993105e-01
1.393101533213642051e-01
1.564491300938686824e-01
1.734068386254314920e-01
1.901637733569584987e-01
2.066995044895368339e-01
2.229939010383303055e-01
2.390292274257742877e-01
2.547883523108175341e-01
2.702530517716277281e-01
2.854091393634592411e-01
3.002396824829981492e-01
3.147314604990284481e-01
3.288715626166932027e-01
3.426470178942259137e-01
3.560479474016871038e-01
3.690647150770127727e-01
3.816873483499074737e-01
3.939092748726265025e-01
4.057226930144923749e-01
4.171231996697977173e-01
4.281061629373541511e-01
4.386667688310157409e-01
4.488049288071424003e-01
4.585179673258947819e-01
4.678048548035079746e-01
4.766670270980715163e-01
4.851059026155792875e-01
4.931217420434726995e-01
5.007197641126200915e-01
5.079005847092951109e-01
5.146698356829843002e-01
5.210321569041780343e-01
5.269909503484073721e-01
5.325504900214483861e-01
5.377191466041316703e-01
5.424990121781012586e-01
5.468967246054580178e-01
5.509173308087216281e-01
5.545659499384896218e-01
5.578462540544808501e-01
5.607643456080312339e-01
5.633215228117638418e-01
5.655227913123347383e-01
5.673703573716923909e-01
5.688667196085315236e-01
5.700110659921565626e-01
5.708059047316565993e-01
5.712490666302418862e-01
5.713388371554749545e-01
5.710727683939443855e-01
5.704467606496341769e-01
5.694564989297969948e-01
5.680958461272030968e-01
5.663574158583820628e-01
5.642338410981307950e-01
5.617136899768759850e-01
5.587891247388534488e-01
5.554464459956348632e-01
5.516750246745275588e-01
5.474606666106307529e-01
5.427896781301484452e-01
5.376472616033294294e-01
5.320181944589406076e-01
5.258859979778000016e-01
5.192337672922687775e-01
5.120447347346286371e-01
5.043038420110341757e-01
4.959923401687442723e-01
4.870940329396373780e-01
4.775929308624280445e-01
4.674718673116253775e-01
4.567173957813672747e-01
4.453131426841232532e-01
4.332468601488184134e-01
4.205065241493678441e-01
4.070808254531511627e-01
3.929613209328336465e-01
3.781408244680387609e-01
3.626133909424013035e-01
3.463760244162665813e-01
3.294288313544445623e-01
3.117731429862744541e-01
2.934135585412556146e-01
2.743588168036917851e-01
2.546176515706514154e-01
2.342043447204826823e-01
2.131381902919914917e-01
1.914382850190439744e-01
1.691283360126035751e-01
1.462383282552867092e-01
1.227994172096056602e-01
9.884613017425815384e-02
7.441908349939724276e-02
4.956084123751648002e-02
2.432023217090704958e-02
-1.253081243277234802e-03
-2.710252621113652671e-02
-5.317147977654457236e-02
-7.939577310732143234e-02
-1.057091623816230064e-01
-1.320430399416125666e-01
-1.583253779695233399e-01
-1.844795802793427753e-01
-2.104265561008104302e-01
-2.360865438622193613e-01
-2.613751069726164555e-01
-2.862074124535710640e-01
-3.104956405344492243e-01
-3.341522139715662476e-01
-3.570854031629229208e-01
-3.792075362284252904e-01
-4.004263336287243735e-01
-4.206512729236352444e-01
-4.397931281227951406e-01
-4.577631389559081443e-01
-4.744725982612769677e-01
-4.898378321701413185e-01
-5.037738891288709997e-01
-5.162011919948521488e-01
-5.270417285758176584e-01
-5.362229925052532931e-01
-5.436752974580121300e-01
-5.493340913301901773e-01
-5.531393743166416188e-01
-5.550358156262484854e-01
-5.549782399011039535e-01
-5.529213700647035434e-01
-5.488319272959755191e-01
-5.426805702640458140e-01
-5.344457112156391076e-01
-5.241133045996558826e-01
-5.116784482490178698e-01
-4.971429706974680451e-01
-4.805168862016189202e-01
-4.618176253147933119e-01
-4.410723973235674000e-01
-4.183167851006011073e-01
-3.935933343629746117e-01
-3.669541529858778572e-01
-3.384591551761548800e-01
-3.081766564819171661e-01
-2.761825763645104903e-01
-2.425595230546447600e-01
-2.073985752025546414e-01
-1.707999731401370902e-01
-1.328662571775682255e-01
-9.370818192884616815e-02
-5.344424494885649524e-02
-1.219608670790416072e-02
2.990950088902025877e-02
7.274134084897181107e-02
1.161619738199524965e-01
1.600348376468050948e-01
2.042180341976859714e-01
2.485690191336032973e-01
2.929416819659990123e-01
3.371925055823949968e-01
3.811759463736521525e-01
4.247464719370310782e-01
4.677609300548948301e-01
5.100778631659781404e-01
5.515573493713407105e-01
5.920641144807897716e-01
6.314650549082915232e-01
6.696319154969608833e-01
7.064408126526231513e-01
7.417727275661556430e-01
7.755161063274440547e-01
8.075634838950052075e-01
8.378159845221826441e-01
8.661792512339716588e-01
8.925675435711086791e-01
9.169028054870482780e-01
9.391146917690499363e-01
9.591406819398718975e-01
9.769259871477725676e-01
9.924252196940981374e-01
1.005599972339589643e+00
1.016421783313550931e+00
1.024870119890077147e+00
1.030932055640829237e+00
1.034604064790743516e+00
1.035891576793550595e+00
1.034806596159751235e+00
1.031368996187540965e+00
1.025609863273831301e+00
1.017564375794185461e+00
1.007276192126770553e+00
9.947964182906943176e-01
9.801837036261442648e-01
9.635049401522476353e-01
9.448276354606603977e-01
9.242312843651075971e-01
9.017990511379598839e-01
8.776185308416249997e-01
8.517843731676629782e-01
8.243930245830191073e-01
7.955491721137087913e-01
7.653585087305133650e-01
7.339315531014716232e-01
7.013805782685315071e-01
6.678229745965941211e-01
6.333765968783108269e-01
5.981626772400960856e-01
5.623028779257629450e-01
5.259208406860838014e-01
4.891404799531995362e-01
4.520878640654112379e-01
4.148863483748450598e-01
3.776607045524127404e-01
3.405350654222248918e-01
3.036310244614280895e-01
2.670703142656938311e-01
2.309711917832719397e-01
1.954518741644268032e-01
1.606242684961535772e-01
1.266004594168862740e-01
9.348864291900230161e-02
6.139206043961545345e-02
3.040918205808119945e-02
6.372167860568406228e-04
-2.783472602972647536e-02
-5.491907316073885159e-02
-8.053722961856724094e-02
-1.046137851175733824e-01
-1.270791625594744900e-01
-1.478715527790584461e-01
-1.669330241776229296e-01
-1.842129607427216154e-01
-1.996677516178679557e-01
-2.132598122295182586e-01
-2.249593132031680598e-01
-2.347408082486446557e-01
-2.425881825292421079e-01
-2.484906952120346790e-01
-2.524446742259465193e-01
-2.544548799410539797e-01
-2.545303724156422476e-01
-2.526866464356810615e-01
-2.489488074011516339e-01
-2.433442377874906748e-01
-2.359096550641963386e-01
-2.266877415506464988e-01
-2.157234076732865991e-01
-2.030707657107012898e-01
-1.887875100194696676e-01
-1.729359977447620655e-01
-1.555847734198929355e-01
-1.368047054029874754e-01
-1.166718101046023692e-01
-9.526537406914026285e-02
-7.266807062813998574e-02
-4.896577135800767033e-02
-2.424646040547749626e-02
1.401541546644013980e-03
2.788428084474922630e-02
5.510829639834421284e-02
8.298025297617500629e-02
1.114039877685565338e-01
1.402843483361002064e-01
1.695268472176519325e-01
1.990361902511302017e-01
2.287160794287454724e-01
2.584770681551683547e-01
2.882258486008953957e-01
3.178701121323447842e-01
3.473247610237829575e-01
3.765025028000499319e-01
4.053202103836429648e-01
4.336968795292411860e-01
4.615546946958233310e-01
4.888192336556089757e-01
5.154188699333859258e-01
5.412851596116367014e-01
5.663540009275036535e-01
5.905652023073058032e-01
6.138612733458670423e-01
6.361898233534118985e-01
6.575021388716635329e-01
6.777517433049181639e-01
6.968988905023451030e-01
7.149068554827090471e-01
7.317420905468798864e-01
7.473760327475990062e-01
7.617839052683471612e-01
7.749457416256224640e-01
7.868442525329906179e-01
7.974657038469378234e-01
8.068017334927175543e-01
8.148457129190692649e-01
8.215976605346623218e-01
8.270575686996365361e-01
8.312299763832151633e-01
8.341241228538260888e-01
8.357500735818851334e-01
8.361221832038371327e-01
8.352585981562118400e-01
8.331769047674146833e-01
8.299005551600947550e-01
8.254536144115875995e-01
8.198622791186331860e-01
8.131564078302279119e-01
8.053666404809123325e-01
7.965228764758160995e-01
7.866626615344728402e-01
7.758185802990498203e-01
7.640298022580139792e-01
7.513313598566135898e-01
7.377643109110351149e-01
7.233666447166477997e-01
7.081811024280901812e-01
6.922467654468927867e-01
6.756050314978098159e-01
6.582977407492127675e-01
6.403678070130791600e-01
6.218547823516337170e-01
6.028037656841350733e-01
5.832541119487056891e-01
5.632466676432404951e-01
5.428251537577868380e-01
5.220277932513811558e-01
5.008952537784010506e-01
4.794674759256503105e-01
4.577816103850085305e-01
4.358779054272344800e-01
4.137917275580600407e-01
3.915585944468743529e-01
3.692148435748343616e-01
3.467953682500235502e-01
3.243312522357902350e-01
3.018554196729512640e-01
2.793987379105994373e-01
2.569906968029702643e-01
2.346590101623654834e-01
2.124325036939901934e-01
1.903362973312151818e-01
1.683947188981890775e-01
1.466316987175708686e-01
1.250700235387003367e-01
1.037309577831507790e-01
8.263335840220382977e-02
6.179648970542166164e-02
4.123693025964493553e-02
2.097202168287519430e-02
1.015154591765224379e-03
-1.861743825740919123e-02
-3.791566261550516348e-02
-5.686661586403143898e-02
-7.546041616229251514e-02
-9.368627623457184694e-02
-1.115373924492156221e-01
-1.290057341444914574e-01
-1.460854966540870714e-01
-1.627705983766929154e-01
-1.790572474585032381e-01
-1.949404659912008786e-01
-2.104183829096328562e-01
-2.254893273149336796e-01
-2.401516706538421031e-01
-2.544037209759122398e-01
-2.682477932259939024e-01
-2.816829312198093627e-01
-2.947111397881332362e-01
-3.073350071953896423e-01
-3.195571466615440004e-01
-3.313791021746551602e-01
-3.428062591585029351e-01
-3.538417548153208747e-01
-3.644903546596114374e-01
-3.747571676771199733e-01
-3.846461908622612613e-01
-3.941642521255385168e-01
-4.033176850801738489e-01
-4.121099333518054575e-01
-4.205494830887230862e-01
-4.286426099461091432e-01
-4.363953120240336991e-01
-4.438158330647797856e-01
-4.509100588347043637e-01
-4.576857089683822322e-01
-4.641501575648285804e-01
-4.703105082980142404e-01
-4.761737652463631232e-01
-4.817481658264081146e-01
-4.870413886448764496e-01
-4.920607224139277314e-01
-4.968130138444416533e-01
-5.013079511397919852e-01
-5.055500938018819834e-01
-5.095484916396976205e-01
-5.133107070968089269e-01
-5.168437393623174225e-01
-5.201558510456486539e-01
-5.232535757593110848e-01
-5.261437701852592630e-01
-5.288339330438658337e-01
-5.313313778198366366e-01
-5.336432671571361697e-01
-5.357743953002226389e-01
-5.377338196707073248e-01
-5.395268340685949182e-01
-5.411609088221255304e-01
-5.426413914016067208e-01
-5.439746786696578740e-01
-5.451671986058724828e-01
-5.462255960007654787e-01
-5.471548736453487605e-01
-5.479600806079611974e-01
-5.486486067811944256e-01
-5.492246416376670437e-01
-5.496937420386601714e-01
-5.500610812745291289e-01
-5.503319679051813518e-01
-5.505115735817521783e-01
-5.506042171950873421e-01
-5.506154293718698023e-01
-5.505489117942796717e-01
-5.504091618809980879e-01
-5.502009243375426406e-01
-5.499281237771488362e-01
-5.495954653708347015e-01
-5.492061104214496225e-01
-5.487644119169228230e-01
-5.482737672076222202e-01
-5.477380998072963747e-01
-5.471606853408598203e-01
-5.465457442255221565e-01
-5.458950665279163061e-01
-5.452130231718331776e-01
-5.445025628597721656e-01
-5.437658429847121999e-01
-5.430067020204879524e-01
-5.422283195028915204e-01
-5.414314851303158038e-01
-5.406214247980348775e-01
-5.397970442743590391e-01
-5.389651639945975958e-01
-5.381247782409084301e-01
-5.372793683105323570e-01
-5.364309426974273043e-01
-5.355812089715540347e-01
-5.347339006760304381e-01
-5.338884238869062715e-01
-5.330477086969498401e-01
-5.322143586445851060e-01
-5.313891063113167501e-01
-5.305734047067075521e-01
-5.297691530846435626e-01
-5.289781162450777341e-01
-5.282014577264331212e-01
-5.274405353045086287e-01
-5.266974676048213899e-01
-5.259723616686775571e-01
-5.252663219779187820e-01
-5.245814420843282200e-01
-5.239178639349453270e-01
-5.232773101419042616e-01
-5.226611019621876242e-01
-5.220691167225047780e-01
-5.215020011585266291e-01
-5.209608380877913669e-01
-5.204468918596651950e-01
-5.199610880061078522e-01
-5.195037068664398738e-01
-5.190750810965494288e-01
-5.186758571981066046e-01
-5.183066784908818558e-01
-5.179680661504050265e-01
-5.176604407159055565e-01
-5.173841799098647387e-01
-5.171396221385188285e-01
-5.169270663440140856e-01
-5.167467718738628646e-01
-5.165989583677317309e-01
-5.164838056615955741e-01
-5.164014537092808110e-01
-5.163520025214229925e-01
-5.163355121218533572e-01
